naive:18.453310108184816
tile:10.106235218048095
